cam0:
  cam_overlaps: [1]
  camera_model: pinhole
  distortion_coeffs: [0.012438996402240377, -0.008230936628112907, 0.0011725811652034135,
    -0.0025218463105980094]
  distortion_model: radtan
  intrinsics: [1437.8958223832353, 1437.3087636208852, 1181.7885268260493, 675.0761478882741]
  resolution: [2208, 1242]
  rostopic: /frame/raw_image
cam1:
  T_cn_cnm1:
  - [0.9998723854537899, -0.0077667289193917135, 0.013960326960080705, -0.06014964999015901]
  - [0.007148637873527468, 0.9990150840929704, 0.043792222269031116, 0.04751368531016086]
  - [-0.01428669953113176, -0.04368683642242523, 0.9989431167688675, 0.012981551551057196]
  - [0.0, 0.0, 0.0, 1.0]
  cam_overlaps: [0]
  camera_model: pinhole
  distortion_coeffs: [-0.183142928493062, 0.11613943981794345, 0.0026888739143820445,
    -0.0009885339013643046]
  distortion_model: radtan
  intrinsics: [1707.9980790098505, 1705.2747370661336, 631.895926240894, 413.56095397845604]
  resolution: [1280, 800]
  rostopic: /events/raw_image
