image_width: 1280
image_height: 800
camera_name: narrow_stereo
camera_matrix:
  rows: 3
  cols: 3
  data: [1687.514919, 0.000000, 676.131784, 0.000000, 1694.799737, 417.348889, 0.000000, 0.000000, 1.000000]
distortion_model: plumb_bob
distortion_coefficients:
  rows: 1
  cols: 5
  data: [-0.089225, -0.433622, 0.003022, -0.001306, 0.000000]
rectification_matrix:
  rows: 3
  cols: 3
  data: [1.000000, 0.000000, 0.000000, 0.000000, 1.000000, 0.000000, 0.000000, 0.000000, 1.000000]
projection_matrix:
  rows: 3
  cols: 4
  data: [1647.456299, 0.000000, 677.701102, 0.000000, 0.000000, 1683.463867, 418.507924, 0.000000, 0.000000, 0.000000, 1.000000, 0.000000]
